@subtask samples
manual sample1.in
manual sample2.in
manual sample3.in

@subtask s1
gen 1 -1000000000 1000000000 0
gen 2 -1000000000 1000000000 0
gen 3 -1000000000 1000000000 0
gen 4 -1000000000 1000000000 0
gen 5 -1000000000 1000000000 0
gen 10 -1000000000 1000000000 1
gen 10 -1000000000 1000000000 2
gen 10 -1000000000 1000000000 3
gen 10 0 1 1
gen 10 0 1 2
gen 10 0 1 3
gen 10 0 1 4
gen 10 -1 1 1
gen 10 999999999 1000000000 1
gen 10 -2 2 1
gen 10 -1000000000 -999999998 1
gen 10 1000000000 1000000000 1
gen 10 -1000000000 -1000000000 1
gen2 10 -1000000000 1000000000 1
gen2 10 -1000000000 1000000000 2
gen2 10 -1000000000 1000000000 3
gen2 10 -1000000000 1000000000 4
gen2 10 -1000000000 1000000000 5
gen2 10 -1000000000 1000000000 6
gen2 10 -1000000000 1000000000 7
gen2 10 -1000000000 1000000000 8
gen2 10 -1000000000 1000000000 9
gen2 10 -1000000000 1000000000 10
manual manual1.in

@subtask s2
@include samples
gen 1 -10000 10000 0
gen 2 -10000 10000 0
gen 3 -10000 10000 0
gen 4 -10000 10000 0
gen 5 -10000 10000 0
gen 6 -10000 10000 0
gen 7 -10000 10000 0
gen 8 -10000 10000 0
gen 9 -10000 10000 0
gen 10 -10000 10000 0
gen 20 0 1 1
gen 20 0 1 2
gen 20 0 1 3
gen 20 0 1 4
gen 20 9999 10000 1
gen 20 -10000 -9999 1
gen 20 10000 10000 1
gen 11 -10000 -10000 1
gen 12 -10000 -10000 1
gen 13 -10000 -10000 1
gen 14 -10000 -10000 1
gen 15 -10000 -10000 1
gen 16 -10000 -10000 1
gen 17 -10000 -10000 1
gen 18 -10000 -10000 1
gen 19 -10000 -10000 1
gen2 20 -10000 10000 1
gen2 20 -10000 10000 2
gen2 20 -10000 10000 3
gen2 20 -10000 10000 4
gen2 20 -10000 10000 5
gen2 20 -10000 10000 6
gen2 20 -10000 10000 7
gen2 20 -10000 10000 8
gen2 20 -10000 10000 9
gen2 20 -10000 10000 10
manual manual2.in

@subtask s3
@include samples
@include s1
@include s2
gen 20 999999999 1000000000 1
gen 20 -1000000000 -999999999 1
gen 20 1000000000 1000000000 1
gen 20 -1000000000 -1000000000 1
gen2 20 -1000000000 1000000000 1
gen2 20 -1000000000 1000000000 2
gen2 20 -1000000000 1000000000 3
gen2 20 -1000000000 1000000000 4
gen2 20 -1000000000 1000000000 5
gen2 20 -1000000000 1000000000 6
gen2 20 -1000000000 1000000000 7
gen2 20 -1000000000 1000000000 8
gen2 20 -1000000000 1000000000 9
gen2 20 -1000000000 1000000000 10
manual manual3.in
